[gd_scene load_steps=6 format=2]

[ext_resource path="res://Player/Player.tscn" type="PackedScene" id=1]
[ext_resource path="res://MainScene/Box/Box.tscn" type="PackedScene" id=2]

[sub_resource type="CubeMesh" id=1]

[sub_resource type="SpatialMaterial" id=3]
albedo_color = Color( 0.72549, 0.72549, 0.72549, 1 )

[sub_resource type="BoxShape" id=2]

[node name="Landscape" type="Spatial"]

[node name="Terrain" type="StaticBody" parent="."]
transform = Transform( 20, 0, 0, 0, 1, 0, 0, 0, 20, 0, 0, 0 )

[node name="MeshInstance" type="MeshInstance" parent="Terrain"]
mesh = SubResource( 1 )
material/0 = SubResource( 3 )

[node name="CollisionShape" type="CollisionShape" parent="Terrain"]
shape = SubResource( 2 )

[node name="DirectionalLight" type="DirectionalLight" parent="."]
transform = Transform( 0.680772, 0.0829589, -0.727782, 0.732495, -0.077101, 0.676392, 0, -0.993566, -0.113255, 0, 0, 0 )

[node name="Player" parent="." instance=ExtResource( 1 )]
transform = Transform( 1, 0, 0, 0, 1, 0, 0, 0, 1, 0, 3, 0 )

[node name="Box" parent="." instance=ExtResource( 2 )]
transform = Transform( 0.866025, 0, 0.5, 0, 1, 0, -0.5, 0, 0.866025, 10, 4, 5 )

[node name="Box2" parent="." instance=ExtResource( 2 )]
transform = Transform( 0.499999, 0, 0.866025, 0, 1, 0, -0.866025, 0, 0.499999, 16, 16, -6 )
