[gd_scene load_steps=10 format=2]

[ext_resource path="res://Player/Player.tscn" type="PackedScene" id=1]
[ext_resource path="res://MainScene/Box/Box.tscn" type="PackedScene" id=2]
[ext_resource path="res://PauseMenu/PauseMenu.tscn" type="PackedScene" id=3]
[ext_resource path="res://HUD/HUD.tscn" type="PackedScene" id=4]
[ext_resource path="res://Entities/NPC.tscn" type="PackedScene" id=5]
[ext_resource path="res://Entities/Enemy.tscn" type="PackedScene" id=6]

[sub_resource type="CubeMesh" id=1]

[sub_resource type="SpatialMaterial" id=2]
albedo_color = Color( 0.72549, 0.72549, 0.72549, 1 )

[sub_resource type="BoxShape" id=3]

[node name="Landscape" type="Spatial"]

[node name="Terrain" type="StaticBody" parent="."]
transform = Transform( 50, 0, 0, 0, 1, 0, 0, 0, 50, 0, 0, 0 )

[node name="MeshInstance" type="MeshInstance" parent="Terrain"]
mesh = SubResource( 1 )
material/0 = SubResource( 2 )

[node name="CollisionShape" type="CollisionShape" parent="Terrain"]
shape = SubResource( 3 )

[node name="DirectionalLight" type="DirectionalLight" parent="."]
transform = Transform( 0.680772, 0.0829589, -0.727782, 0.732495, -0.077101, 0.676392, 0, -0.993566, -0.113255, 0, 0, 0 )

[node name="Player" parent="." instance=ExtResource( 1 )]
transform = Transform( 1, 0, 0, 0, 1, 0, 0, 0, 1, 0, 3, 0 )

[node name="Box" parent="." instance=ExtResource( 2 )]
transform = Transform( 0.866025, 0, 0.5, 0, 1, 0, -0.5, 0, 0.866025, 10, 4, 5 )

[node name="Box2" parent="Box" instance=ExtResource( 2 )]
transform = Transform( 0.866025, 0, 0.5, 0, 1, 0, -0.5, 0, 0.866025, 10.6962, 12, -6.52628 )

[node name="Box3" parent="Box" instance=ExtResource( 2 )]
transform = Transform( 0.866026, 0, 0.500001, 0, 1, 0, -0.500001, 0, 0.866026, 36.0699, 13.8668, -21.8952 )

[node name="Box4" parent="Box" instance=ExtResource( 2 )]
transform = Transform( 0.866026, 0, 0.500001, 0, 1, 0, -0.500001, 0, 0.866026, 36.0699, 25.6545, -21.8952 )

[node name="Box5" parent="Box" instance=ExtResource( 2 )]
transform = Transform( 0.866026, 0, 0.500001, 0, 1, 0, -0.500001, 0, 0.866026, 7.69195, 28.2822, -3.9514 )

[node name="PauseMenu" parent="." instance=ExtResource( 3 )]

[node name="HUD" parent="." instance=ExtResource( 4 )]

[node name="KinematicBody" parent="." instance=ExtResource( 5 )]
transform = Transform( 1, 0, 0, 0, 1, 0, 0, 0, 1, -0.0365715, 9.93884, -10.7451 )

[node name="Enemy" parent="." instance=ExtResource( 6 )]
transform = Transform( 1, 0, 0, 0, 1, 0, 0, 0, 1, -10, 10, 0 )
